"Q1(C)","IC[Q1(B)=0.00]","IC[Q1(B)=2.00u]","IC[Q1(B)=4.00u]","IC[Q1(B)=6.00u]","IC[Q1(B)=8.00u]","IC[Q1(B)=10.0u]","IC[Q1(B)=12.0u]","IC[Q1(B)=14.0u]","IC[Q1(B)=16.0u]","IC[Q1(B)=18.0u]","IC[Q1(B)=20.0u]"
0,3.94899e-027,-1.95704e-006,-3.88761e-006,-5.79217e-006,-7.67116e-006,-9.52504e-006,-1.13542e-005,-1.31592e-005,-1.49402e-005,-1.66979e-005,-1.84325e-005
0.06,2.12785e-013,4.33463e-005,8.26177e-005,0.000118532,0.000151623,0.000182304,0.000210903,0.000237682,0.000262858,0.000286609,0.000309085
0.12,4.17528e-013,0.000213373,0.000385947,0.000528236,0.000648206,0.000751291,0.000841307,0.000920978,0.000992299,0.00105676,0.0011155
0.18,6.23238e-013,0.000360503,0.000689578,0.000981682,0.00123377,0.00144936,0.00163356,0.00179183,0.00192902,0.00204915,0.00215537
0.24,8.31862e-013,0.00039222,0.000776807,0.00115101,0.00151048,0.0018499,0.00216365,0.0024474,0.00269935,0.00292046,0.00311354
0.3,1.04494e-012,0.000396081,0.000788359,0.00117676,0.00156133,0.00193822,0.00230954,0.00267176,0.00302176,0.00335556,0.00366873
0.36,1.26415e-012,0.000396762,0.000790033,0.00117999,0.0015667,0.00195005,0.00233015,0.00270687,0.00308012,0.00344977,0.00380848
0.42,1.49179e-012,0.000397107,0.000790753,0.00118114,0.00156851,0.00195268,0.00233383,0.00271199,0.00308722,0.00345952,0.0038287
0.48,1.73104e-012,0.000397452,0.000791472,0.00118229,0.00156986,0.00195437,0.00233585,0.00271442,0.00309017,0.00346335,0.00383353
0.54,1.9862e-012,0.000397797,0.000792191,0.0011833,0.00157122,0.00195606,0.00233788,0.00271684,0.00309311,0.00346633,0.00383684
0.6,2.26308e-012,0.000398141,0.000792871,0.00118432,0.00157257,0.00195775,0.00233991,0.00271926,0.00309577,0.00346932,0.00384015
0.66,2.56939e-012,0.000398486,0.000793551,0.00118533,0.00157393,0.00195944,0.00234193,0.00272168,0.00309843,0.00347231,0.00384347
0.72,2.91526e-012,0.000398831,0.000794231,0.00118635,0.00157528,0.00196113,0.00234396,0.00272401,0.00310109,0.0034753,0.00384678
0.78,3.31362e-012,0.000399176,0.000794911,0.00118737,0.00157663,0.00196282,0.00234599,0.00272635,0.00310374,0.00347828,0.00385009
0.84,3.78055e-012,0.000399521,0.000795591,0.00118838,0.00157799,0.00196451,0.00234801,0.00272868,0.0031064,0.00348127,0.0038534
0.9,4.3352e-012,0.000399866,0.000796272,0.0011894,0.00157934,0.0019662,0.00235004,0.00273101,0.00310906,0.00348426,0.00385672
0.96,4.99938e-012,0.000400211,0.000796952,0.00119042,0.0015807,0.00196789,0.00235206,0.00273335,0.00311172,0.00348725,0.00386003
1.02,5.79622e-012,0.000400556,0.000797632,0.00119143,0.00158205,0.00196958,0.00235409,0.00273568,0.00311437,0.00349023,0.00386334
1.08,6.7483e-012,0.000400897,0.000798312,0.00119245,0.00158341,0.00197127,0.00235612,0.00273801,0.00311703,0.00349322,0.00386666
1.14,7.87552e-012,0.000401239,0.000798992,0.00119346,0.00158476,0.00197295,0.00235812,0.00274035,0.00311969,0.00349621,0.00386997
1.2,9.19283e-012,0.00040158,0.000799672,0.00119448,0.00158611,0.00197463,0.00236013,0.00274268,0.00312234,0.00349919,0.00387326
1.26,1.07089e-011,0.000401922,0.000800352,0.0011955,0.00158745,0.00197631,0.00236214,0.00274502,0.003125,0.00350216,0.00387656
1.32,1.24257e-011,0.000402263,0.000801032,0.00119651,0.0015888,0.00197799,0.00236415,0.00274735,0.00312766,0.00350514,0.00387986
1.38,1.43391e-011,0.000402604,0.000801712,0.00119753,0.00159015,0.00197967,0.00236616,0.00274968,0.00313032,0.00350812,0.00388315
1.44,1.64404e-011,0.000402946,0.000802392,0.00119854,0.0015915,0.00198135,0.00236816,0.00275202,0.00313297,0.0035111,0.00388645
1.5,1.87176e-011,0.000403287,0.000803072,0.00119956,0.00159285,0.00198303,0.00237017,0.00275435,0.00313563,0.00351407,0.00388974
1.56,2.11573e-011,0.000403629,0.000803753,0.00120058,0.0015942,0.00198471,0.00237218,0.00275668,0.00313829,0.00351705,0.00389304
1.62,2.37453e-011,0.00040397,0.000804433,0.00120159,0.00159555,0.00198639,0.00237419,0.00275902,0.00314094,0.00352003,0.00389634
1.68,2.64678e-011,0.000404312,0.000805113,0.00120261,0.0015969,0.00198807,0.0023762,0.00276135,0.0031436,0.00352301,0.00389963
1.74,2.93119e-011,0.000404653,0.000805793,0.00120362,0.00159825,0.00198975,0.0023782,0.00276368,0.00314626,0.00352598,0.00390293
1.8,3.22658e-011,0.000404995,0.000806473,0.00120464,0.0015996,0.00199143,0.00238021,0.00276602,0.00314891,0.00352896,0.00390622
1.86,3.53187e-011,0.000405336,0.000807153,0.00120566,0.00160095,0.00199311,0.00238222,0.00276835,0.00315157,0.00353194,0.00390952
1.92,3.84609e-011,0.000405677,0.000807833,0.00120667,0.0016023,0.00199479,0.00238423,0.00277069,0.00315423,0.00353492,0.00391282
1.98,4.16841e-011,0.000406019,0.000808513,0.00120769,0.00160365,0.00199647,0.00238624,0.00277302,0.00315688,0.00353789,0.00391611
2.04,4.49808e-011,0.00040636,0.000809193,0.0012087,0.00160499,0.00199815,0.00238824,0.00277535,0.00315954,0.00354087,0.00391941
2.1,4.83444e-011,0.000406702,0.000809873,0.00120972,0.00160634,0.00199983,0.00239025,0.00277769,0.0031622,0.00354385,0.0039227
2.16,5.17691e-011,0.000407043,0.000810553,0.00121074,0.00160769,0.00200151,0.00239226,0.00278002,0.00316485,0.00354683,0.003926
2.22,5.52496e-011,0.000407385,0.000811233,0.00121175,0.00160904,0.00200319,0.00239427,0.00278235,0.00316751,0.0035498,0.0039293
2.28,5.87819e-011,0.000407726,0.000811914,0.00121277,0.00161039,0.00200487,0.00239628,0.00278469,0.00317017,0.00355278,0.00393259
2.34,6.23615e-011,0.000408068,0.000812594,0.00121378,0.00161174,0.00200655,0.00239828,0.00278702,0.00317282,0.00355576,0.00393589
2.4,6.59852e-011,0.000408409,0.000813274,0.0012148,0.00161309,0.00200823,0.00240029,0.00278935,0.00317548,0.00355874,0.00393918
2.46,6.96498e-011,0.00040875,0.000813954,0.00121582,0.00161444,0.00200991,0.0024023,0.00279169,0.00317814,0.00356171,0.00394248
2.52,7.33526e-011,0.000409092,0.000814634,0.00121683,0.00161579,0.00201159,0.00240431,0.00279402,0.00318079,0.00356469,0.00394578
2.58,7.70908e-011,0.000409433,0.000815314,0.00121785,0.00161714,0.00201327,0.00240632,0.00279635,0.00318345,0.00356767,0.00394907
2.64,8.08625e-011,0.000409775,0.000815994,0.00121886,0.00161849,0.00201495,0.00240832,0.00279869,0.00318611,0.00357065,0.00395237
2.7,8.46658e-011,0.000410116,0.000816674,0.00121988,0.00161984,0.00201663,0.00241033,0.00280102,0.00318876,0.00357362,0.00395566
2.76,8.84987e-011,0.000410458,0.000817354,0.0012209,0.00162119,0.00201831,0.00241234,0.00280336,0.00319142,0.0035766,0.00395896
2.82,9.23595e-011,0.000410799,0.000818034,0.00122191,0.00162253,0.00201999,0.00241435,0.00280569,0.00319408,0.00357958,0.00396226
2.88,9.62469e-011,0.000411141,0.000818714,0.00122293,0.00162388,0.00202167,0.00241636,0.00280802,0.00319673,0.00358256,0.00396555
2.94,1.0016e-010,0.000411482,0.000819395,0.00122394,0.00162523,0.00202335,0.00241836,0.00281036,0.00319939,0.00358553,0.00396885
3,1.04096e-010,0.000411823,0.000820075,0.00122496,0.00162658,0.00202503,0.00242037,0.00281269,0.00320205,0.00358851,0.00397214
3.06,1.08056e-010,0.000412165,0.000820755,0.00122598,0.00162793,0.00202671,0.00242238,0.00281502,0.0032047,0.00359149,0.00397544
3.12,1.12049e-010,0.000412506,0.000821435,0.00122699,0.00162928,0.00202839,0.00242439,0.00281736,0.00320736,0.00359447,0.00397873
3.18,1.16041e-010,0.000412848,0.000822115,0.00122801,0.00163063,0.00203007,0.0024264,0.00281969,0.00321002,0.00359744,0.00398203
3.3,1.24107e-010,0.000413531,0.000823475,0.00123004,0.00163333,0.00203343,0.00243041,0.00282436,0.00321533,0.0036034,0.00398862
3.42,1.32247e-010,0.000414214,0.000824835,0.00123207,0.00163603,0.00203679,0.00243443,0.00282903,0.00322064,0.00360935,0.00399521
3.54,1.40458e-010,0.000414896,0.000826195,0.0012341,0.00163873,0.00204015,0.00243844,0.00283369,0.00322596,0.00361531,0.00400181
3.66,1.48735e-010,0.000415579,0.000827556,0.00123614,0.00164142,0.00204351,0.00244246,0.00283836,0.00323127,0.00362126,0.0040084
3.72,1.52904e-010,0.000415921,0.000828236,0.00123715,0.00164277,0.00204519,0.00244447,0.00284069,0.00323393,0.00362424,0.00401169
3.78,1.57074e-010,0.000416262,0.000828916,0.00123817,0.00164412,0.00204687,0.00244648,0.00284303,0.00323659,0.00362722,0.00401499
3.84,1.61273e-010,0.000416604,0.000829596,0.00123918,0.00164547,0.00204855,0.00244848,0.00284536,0.00323924,0.0036302,0.00401829
3.9,1.65472e-010,0.000416945,0.000830276,0.0012402,0.00164682,0.00205023,0.00245049,0.00284769,0.0032419,0.00363317,0.00402158
3.96,1.69699e-010,0.000417286,0.000830956,0.00124122,0.00164817,0.00205191,0.0024525,0.00285003,0.00324456,0.00363615,0.00402488
4.02,1.73926e-010,0.000417628,0.000831636,0.00124223,0.00164952,0.00205359,0.00245451,0.00285236,0.00324721,0.00363913,0.00402817
4.14,1.82433e-010,0.000418311,0.000832996,0.00124426,0.00165222,0.00205695,0.00245852,0.00285703,0.00325253,0.00364508,0.00403477
4.26,1.90993e-010,0.000418994,0.000834356,0.0012463,0.00165492,0.00206031,0.00246254,0.0028617,0.00325784,0.00365104,0.00404136
4.32,1.95297e-010,0.000419335,0.000835037,0.00124731,0.00165627,0.00206199,0.00246455,0.00286403,0.0032605,0.00365402,0.00404465
4.38,1.99602e-010,0.000419677,0.000835717,0.00124833,0.00165762,0.00206367,0.00246656,0.00286636,0.00326315,0.00365699,0.00404795
4.44,2.0393e-010,0.000420018,0.000836397,0.00124934,0.00165896,0.00206535,0.00246856,0.0028687,0.00326581,0.00365997,0.00405125
4.5,2.08259e-010,0.000420359,0.000837077,0.00125036,0.00166031,0.00206703,0.00247057,0.00287103,0.00326847,0.00366295,0.00405454
4.62,2.16962e-010,0.000421042,0.000838437,0.00125239,0.00166301,0.00207038,0.00247459,0.0028757,0.00327378,0.0036689,0.00406113
4.8,2.30101e-010,0.000422067,0.000840477,0.00125544,0.00166706,0.00207542,0.00248061,0.0028827,0.00328175,0.00367784,0.00407102
4.98,2.43338e-010,0.000423091,0.000842518,0.00125849,0.00167111,0.00208046,0.00248664,0.0028897,0.00328972,0.00368677,0.00408091
5.04,2.47782e-010,0.000423432,0.000843198,0.0012595,0.00167246,0.00208214,0.00248864,0.00289203,0.00329238,0.00368975,0.00408421
5.1,2.52225e-010,0.000423774,0.000843878,0.00126052,0.00167381,0.00208382,0.00249065,0.00289437,0.00329503,0.00369273,0.0040875
5.16,2.56669e-010,0.000424115,0.000844558,0.00126154,0.00167516,0.0020855,0.00249266,0.0028967,0.00329769,0.0036957,0.0040908
5.28,2.65617e-010,0.000424798,0.000845918,0.00126357,0.00167785,0.00208886,0.00249668,0.00290137,0.003303,0.00370166,0.00409739
5.34,2.70091e-010,0.00042514,0.000846598,0.00126458,0.0016792,0.00209054,0.00249868,0.0029037,0.00330566,0.00370464,0.00410069
5.52,2.83602e-010,0.000426164,0.000848638,0.00126763,0.00168325,0.00209558,0.00250471,0.0029107,0.00331363,0.00371357,0.00411057
5.64,2.92667e-010,0.000426847,0.000849998,0.00126966,0.00168595,0.00209894,0.00250872,0.00291537,0.00331895,0.00371952,0.00411717
5.7,2.97199e-010,0.000427188,0.000850679,0.00127068,0.0016873,0.00210062,0.00251073,0.0029177,0.0033216,0.0037225,0.00412046
5.76,3.01759e-010,0.00042753,0.000851359,0.0012717,0.00168865,0.0021023,0.00251274,0.00292004,0.00332426,0.00372548,0.00412376
5.82,3.0632e-010,0.000427871,0.000852039,0.00127271,0.00169,0.00210398,0.00251475,0.00292237,0.00332692,0.00372846,0.00412705
5.88,3.1088e-010,0.000428213,0.000852719,0.00127373,0.00169135,0.00210566,0.00251676,0.0029247,0.00332957,0.00373143,0.00413035
5.94,3.15463e-010,0.000428554,0.000853399,0.00127474,0.0016927,0.00210734,0.00251876,0.00292704,0.00333223,0.00373441,0.00413365
6,3.20047e-010,0.000428896,0.000854079,0.00127576,0.00169405,0.00210902,0.00252077,0.00292937,0.00333489,0.00373739,0.00413694
